k = 11
F = 6.929737081031004
k = 4
F = 17.304827442340375
k = 9
F = 2.2753466018847224
k = 23
F = 124545.52836776318
k = 6
F = 1.9193989763476837
Zones: [[0, 242], [242, 309], [309, 732], [732, 801], [801, 1023]]