k = 83
F = 35076.96108681271
k = 23
F = 111530.07647337751
k = 211
F = 745915.6706537268
k = 5
F = 51.806399864002444
k = 107
F = 134853.53819203805
Zones: [[0, 249], [249, 318], [318, 739], [739, 809], [809, 1023]]