k = 4
F = 0.07777439
k = 4
F = 17.37498936
k = 5
F = 0.236059
k = 4
F = 17.16207435
k = 4
F = 0.56926051
Zones: [[0, 239], [239, 307], [307, 732], [732, 800], [800, 1023]]